[Parameters]
a = -2.144838046311755
b = 0.8499540559787829
x_multiplier = 1000000
y_multiplier = 10000