[Parameters]
a = -2.133508966624281
b = 0.8488060468032166
x_multiplier = 1000000
y_multiplier = 10000